106328
202664
211180
235824
276432
293568
293568
313196
338268
338268
338268
338268
338268
338268
338268
344000
344000
344000
344000
344000
344000
344000
344000
344308
344308
344308
344308
344308
344308
344308
344308
344308
344308
344308
344308
344308
344308
344308
344308
344308
344308
344308
344308
344308
344308
344308
344308
344308
344308
344308
344308
344308
344308
344308
344308
344308
344308
344308
344308
344308
344308
344308
344308
344308
344308
344308
344308
344308
344308
344308
344308
344308
344308
344308
344308
