115616
174304
280900
341600
406556
458848
495912
536676
559048
569332
573628
579300
579556
579780
579908
579908
580024
580024
580052
580056
580056
580052
580052
580052
580024
580024
580056
580056
580056
580052
580052
580024
580024
580056
580056
580056
580052
580052
580024
580024
580056
580056
580056
580052
580052
580024
580024
580052
580056
580056
580052
580052
580052
580024
580024
580056
580056
580056
580052
580052
580024
580024
580056
580056
580056
580052
580052
580024
580024
580056
580056
580056
580052
580052
580024
