130936
203224
272856
353452
367804
386876
400624
414244
434352
458864
458864
458864
458864
458864
458864
458864
458864
458864
466908
466908
466908
466908
466908
466908
466908
466908
466908
467056
467056
467056
467056
467056
467056
467056
467056
467056
467056
467056
467056
467056
467056
467056
467056
467056
467056
467056
467056
467056
467056
467056
467056
467056
467056
467056
467056
467056
467056
467056
467056
467056
467056
467056
467056
467056
467056
467056
467056
467056
467056
467056
467056
467056
467056
467056
467056
467056
467056
467056
467056
467056
467056
467056
467056
467056
467056
467056
467056
467056
467056
467056
