102620
102644
133320
174284
198864
204112
252356
299628
326248
326248
327156
327156
327472
327472
331644
331644
331900
331900
331900
331868
331868
331868
331868
331868
331868
331988
331988
331988
331956
331956
331956
331956
331956
331956
331992
331992
331992
331960
331960
331960
331960
331960
331960
331996
331996
331996
331964
331964
331964
331964
331964
331964
331996
331996
331996
331964
331964
331964
331964
331964
331964
331996
331996
331996
331964
331964
331964
331964
331964
331964
331996
331996
331964
331964
331964
331964
331964
331964
331996
331996
331996
331964
331964
331964
331964
331964
331964
331996
331996
331996
331964
