127816
156448
178304
206892
236128
292192
332428
372168
405936
406036
409204
409232
409232
409244
409244
409244
409244
409244
409244
410800
410800
410800
410800
410800
410800
410800
410800
410800
410800
410800
410800
410800
410800
410800
410800
410800
410652
410812
410812
410812
410812
410812
410812
410812
410812
410828
410828
410828
410828
410828
410828
410828
410828
410828
410828
410828
410828
410828
410828
410828
410828
410828
410828
410828
410828
410828
410828
410828
410828
410828
410828
410680
410828
410828
410828
410828
410828
410828
410828
410828
410828
410828
410828
410828
410828
410828
410828
410828
410828
