137960
208440
265440
282852
287904
309540
336676
372820
397572
424468
434896
439948
452368
452368
452368
452368
452368
452368
452368
452368
452368
453228
453228
453228
453228
453228
453228
453228
453228
453228
453228
453228
453228
453228
453228
453228
453228
453228
459228
459228
459228
459228
459228
459228
459228
459228
459228
459316
459316
459316
459316
459316
459316
459316
459316
459316
459316
459316
459316
459316
459316
459316
459316
459316
459316
459316
459316
459316
459316
459316
459316
459316
459316
459316
459316
459316
459316
459316
459316
459316
459316
459316
459316
459316
459316
459316
459316
459316
459316
459316
