118660
177176
223356
260552
320932
359828
379444
421432
464000
464000
464892
464956
464992
464992
465200
467308
467308
467408
467428
467464
467464
467444
469520
469520
469520
469520
469520
469520
469520
469520
469520
469520
469520
469520
469520
469520
469520
469520
469520
469520
469520
469520
469520
469520
469520
469520
469520
469520
469520
469520
469520
469544
469544
469544
469544
469544
469544
469544
469568
469568
469568
469568
469568
469568
469568
470376
470376
470376
470376
470376
470376
470376
