133152
205456
275088
357732
372088
390360
405972
417244
438956
467260
467260
467260
467260
467260
467260
467260
467260
473120
473120
473120
473120
473120
473120
473120
473120
473120
473268
473268
473268
473268
473268
473268
473268
473268
473268
473268
473268
473268
473268
473268
473268
473268
473268
473268
473268
473268
473268
473268
473268
473268
473268
473268
473888
473888
473888
473888
473888
473888
473888
473888
474140
474016
474016
474016
474016
474016
474016
474016
474016
474016
474016
474016
474016
474016
474016
474016
474016
474016
474016
474016
474016
474016
474016
474016
474016
474016
474016
