121056
159840
228024
307896
386880
477664
536684
560300
583752
604140
604140
604140
604140
604140
604140
609604
609672
609732
609812
609812
609812
609812
609812
609812
609900
609900
609900
609856
609856
609856
609856
609856
609856
609992
609992
609992
609948
609948
609948
609948
609948
610012
610012
610012
609968
609968
609968
609968
609968
609968
610012
610012
610012
609968
609968
609968
609968
609968
609968
609968
609968
609968
609968
609968
609968
609968
609968
610232
610236
610236
610192
610192
610192
610192
610192
610192
610236
610236
610236
610192
610192
610192
610192
610192
610192
610236
610236
610236
