103224
145324
171432
205204
247220
294828
316840
338948
361128
361368
362192
364332
364336
364336
364336
364340
364340
364248
364248
364344
364344
364344
364344
364344
364344
364344
364344
364344
364344
364344
364344
364344
364344
364344
364344
364344
364344
364344
364344
364344
364344
364344
364344
364344
364344
364344
364344
364344
364344
364344
364344
364344
364344
364344
364344
364344
364344
364344
364344
364344
364344
364344
364344
364344
364344
364344
364344
364344
364344
364344
364344
364344
364344
364344
364344
364344
364344
364344
364344
364344
