97924
188416
209360
238444
269808
295016
295016
307336
340648
340648
340648
340648
340648
340648
340648
344144
346068
346068
346068
346068
346068
346068
346068
346396
346396
346396
346396
346396
346396
346396
346396
346396
346396
346396
346396
346396
346396
346396
346396
346396
346396
346396
346396
346396
346396
346396
346396
346396
346396
346396
346396
346396
346504
346396
346396
346396
346396
346396
346396
346396
346496
346496
346496
346496
346496
346496
346496
346496
346496
346496
346496
346496
346496
346496
346496
