119272
190688
229824
263716
298368
326484
351876
372884
380060
380060
380060
380060
380060
380060
382476
396812
396812
396812
396812
396812
396812
396812
396812
397068
397068
397068
397068
397068
397068
397068
397068
397068
397068
397068
397068
397068
397068
397068
397068
397068
397068
397068
397068
397068
397068
397068
397068
397068
397068
397068
397068
397068
397068
397100
397100
397100
397100
397100
397100
397100
397100
397100
397100
397100
397100
397100
397100
397100
397100
397100
397100
397100
397100
397100
397100
397112
