106504
142368
175256
179552
187660
199800
203908
213908
217596
226332
248416
290288
312860
312924
312940
312940
312948
318064
318064
319720
339204
355236
355236
355236
355236
355236
360056
360056
360056
375692
407096
407096
409208
420212
427304
441420
448488
455564
462636
469648
469704
471052
478212
478212
478212
478212
478212
478212
478212
478212
478212
478212
481852
481852
481852
481852
481852
481852
481852
481852
481852
481852
481852
485832
519748
568348
584948
610792
626064
638236
640320
665404
665464
665540
665596
666312
678940
691596
691692
691768
691820
691856
692268
726112
735924
742612
745776
771812
782312
791708
792536
801284
801808
805036
813840
829792
829848
830316
831208
844156
844156
844156
844156
844156
849540
849540
849540
849540
849540
849540
849540
849540
849540
849540
849540
849540
849540
849540
849540
849540
849540
849540
849540
849540
849540
849540
849540
849540
849540
849540
849540
849540
849540
849540
849540
849540
849540
849540
849540
849540
849540
849540
849540
849540
849540
849540
849540
849540
849540
849540
849540
849540
849540
849540
849540
849540
849540
849540
849540
849540
849540
849540
849540
849540
849540
849540
849540
849540
849540
849540
849540
849540
849540
849540
849540
849540
849540
849540
849540
849540
849540
849540
849540
849540
849540
849540
849540
849540
849540
849540
849540
849540
849540
849540
849540
849540
849540
849540
849540
849540
849540
849540
864676
864676
864676
864676
864676
864676
864676
864676
864676
864676
864676
864676
864676
864676
864676
864676
864676
864676
864676
864676
864676
864676
864676
864676
864676
864676
864676
864676
864676
864676
864676
864676
864676
864676
864676
864676
864676
864676
864676
864676
864676
864676
864676
864676
864676
864676
864676
864676
864676
864676
864676
864676
864676
864676
864676
864676
864676
864676
864676
864676
864676
864676
864676
864676
864676
864676
864676
864676
864676
864676
864676
864676
864676
864676
864676
864676
864676
864676
864676
864676
864676
864676
864676
864676
864676
864676
864676
864676
864676
864676
864676
864676
864676
864676
864676
864676
864676
864676
864676
864676
864676
864676
864676
864808
864808
864808
864808
864808
864808
864808
864808
864808
864808
864808
864808
864808
864808
864808
864808
864808
864808
864808
864808
864808
864808
864808
864808
864808
864808
864808
864808
864808
864808
864808
864808
864808
864808
864808
864808
864808
864808
864808
864808
864808
864808
864808
864808
864808
864808
864808
864808
864808
864808
864808
864808
864808
864808
864808
864808
864808
864808
864808
864808
864808
864808
864808
864808
864808
864808
864808
864808
864808
864808
864808
864808
864808
864808
864808
864808
864808
864808
864808
864808
864808
864808
864808
864808
864808
864808
864808
864808
864808
864808
864808
864808
864808
864808
864808
864808
864808
864808
864808
864808
864808
864808
864808
864808
864808
864808
864808
864808
864808
867632
867632
867632
867632
867632
867632
867632
867632
867632
867632
867632
867632
867632
867632
867632
867632
867632
867632
867632
867632
867632
867632
867632
867632
867632
867632
867632
867632
867632
867632
867632
867632
867632
867632
867632
867632
867632
867632
867632
867632
867632
867632
867632
867632
867632
867632
867632
867632
867632
867632
867632
867632
867632
867632
867632
867632
867632
867632
867632
867632
867632
867632
867632
867632
867632
867632
867632
867632
867632
867632
867632
867632
867632
867632
867632
867632
867632
867632
867632
867632
867632
867632
867632
867632
867632
867632
867632
867632
867632
867632
867632
867632
867632
867632
867632
867632
867632
867632
867632
867632
867632
867632
867632
867648
867648
867648
867648
867648
867648
867648
867648
867648
867648
867648
867648
867648
867648
867648
867648
867648
867648
867648
867648
867648
867648
867648
867648
867648
867648
867648
867648
867648
867648
867648
867648
867648
867648
867648
867648
867648
867648
867648
867648
867648
867648
867648
867648
867648
867648
867648
867648
867648
867648
867648
867648
867648
867648
867648
867648
867648
867648
867648
867648
867648
867648
867648
867648
867648
867648
867648
867648
867648
867648
867648
867648
867648
867648
867648
867648
867648
867648
867648
867648
867648
867648
867648
867648
867648
867648
867648
867648
867648
867648
867648
867648
867648
867648
867648
867648
867648
867648
867648
867648
867648
867648
867648
867648
867648
867648
867648
867648
867648
867648
867648
867648
867648
867648
867648
867648
867648
867648
867648
867648
867648
867648
867648
867648
867648
867648
867648
867648
867648
867648
867648
867648
867648
867648
867648
867648
867648
867648
867648
867648
867648
867648
867648
867648
867648
867648
867648
867648
867648
867648
867648
867648
867648
867648
867648
867648
867648
867648
867648
867648
867648
867648
867648
867648
867648
867648
867648
867648
867648
867648
867648
867648
867648
867648
867648
867648
867648
867648
867648
867648
867648
867648
867648
867648
867648
867648
867648
867648
867648
867648
867648
867648
867648
867648
867648
867648
867648
867648
867648
867648
867648
867648
867648
867648
867648
867648
867648
867648
867648
867648
867648
867648
867648
867648
867648
867648
867648
867648
867648
867648
867648
867648
867648
867648
867648
867648
867648
867648
867648
867648
867648
867648
867648
867648
867648
867648
867648
867648
867648
867648
867648
867648
867648
867648
867648
867648
867648
867648
867648
867648
867648
867648
867648
867648
867648
867648
867648
867648
867648
867648
867648
867648
867648
867648
867648
867648
867648
867648
867648
867648
867648
867648
867648
867648
867648
867648
867648
867648
867648
867648
867648
867648
867648
867648
867648
867648
867648
867648
867648
867648
867648
867648
867648
867648
867648
867648
867648
867648
867648
867648
867648
867648
867648
867648
867648
867648
867648
867648
867648
867648
867648
867648
867648
867648
867648
867648
867648
867648
867648
867648
867648
867648
867648
867648
867648
867648
867648
867648
867648
867648
867648
867648
867648
867648
867648
867648
867648
867648
867648
867648
867648
867648
867648
867648
867648
867648
867648
867648
867648
867648
867648
867648
867648
867648
867648
867648
867648
867648
867648
867648
867648
867648
867648
867648
867648
867648
867648
867648
867648
867648
867648
867648
867648
867648
867648
867648
867648
867648
867648
867648
867648
867648
867648
867648
867648
867648
867648
867648
867648
867648
867648
867648
867648
867648
867648
867648
867648
867648
867648
867648
867648
867648
867648
867648
867648
867648
867648
867648
867648
867648
867648
867648
867648
867648
867648
867648
867648
867648
867648
867648
867648
867648
867648
867648
867648
867648
867648
867648
867648
867648
867648
867648
867648
867648
867648
867648
867648
867648
867648
867648
867648
867648
867648
867648
867648
867648
867648
867648
867648
867648
867648
867648
867648
867648
867648
867648
867648
867648
867648
867648
867648
867648
867648
867648
867648
867648
867648
867648
867648
867648
867648
867648
867648
867648
867648
867648
867648
867648
867648
867648
867648
867648
867648
867648
867648
867648
867648
867648
867648
867648
867648
867648
867648
867648
867648
867648
867648
867648
867648
867648
867648
867648
867648
867648
867648
867648
867648
867648
867648
867648
867648
867648
867648
867648
867648
867648
867648
867648
867648
