90116
125392
169732
213140
250840
286100
300408
327484
365720
382104
424068
440460
467396
479748
496852
515488
539308
571188
592436
611408
638096
674112
692876
716356
724328
728860
732348
761448
801508
809888
863252
909308
942124
1019192
1050064
1078848
1128304
1165160
1203304
1228824
1274272
1303452
1340948
1362120
1373952
1395740
1412100
1425320
1441452
1462392
1495812
1511324
1537832
1554340
1587016
1617332
1637196
1670920
1686184
1709652
1787740
1787740
1787740
1801480
1843548
1911496
1948116
1974736
1997156
2053472
2074352
2096316
2111244
2175960
2205844
2232388
2254004
2288684
2311156
2326248
2353956
2366312
2381760
2392884
2420564
2441756
2461436
2474356
2509012
2591984
2631376
2665652
2699340
2740316
2815720
2846968
2873880
2943192
2972916
3001276
3037284
3064500
3080688
3107572
3145236
3176516
3243212
3260352
3344928
3366788
3400020
3412356
3445944
3465616
3501752
3517252
3556720
3578516
3605672
3638884
3662748
3688152
3704540
3720572
3745820
3769432
3806816
3822448
3831640
3852920
3858768
3881864
3900580
3919972
3935360
3942792
3957400
3970948
3991888
4025860
4077972
4123028
4158048
4158048
4158048
4158048
4158048
4158048
4161872
4179632
4190460
4215088
4220276
4241412
4249420
4280208
4307644
4327512
4329996
4379804
4389268
4477544
4483436
4519764
4545324
4581424
4601580
4617584
4646212
4665888
4690084
4715712
4726216
4753336
4763332
4781356
4786244
4796368
4821316
4836476
4854312
4894164
4896368
4909648
4942252
4959400
4966732
4980716
4989640
5039252
5055352
5067000
5086028
5104200
5174304
5216192
5237520
5247132
5282420
5306264
5342404
5382328
5415892
5428452
5461332
5489568
5494068
5517260
5531364
5549784
5561900
5565992
5591632
5601816
5630220
5656724
5668552
5685564
5713200
5723056
5751592
5754620
5780540
5810028
5828232
5838820
5910236
5921888
5951508
5993192
6009684
6040544
6058124
6083428
6148088
6155288
6173820
6210056
6211804
6246076
6260796
6278520
6318664
6331480
6347520
6365776
6404236
6410660
6441120
6462716
6480244
6500244
6504004
6540176
6566804
6579008
6595660
6628180
6647720
6669964
6698328
6710320
6737172
6749440
6777416
6786140
6808524
6814952
6840564
6856772
6899600
6942848
6988988
7000116
7027776
7072108
7116196
7155128
7178248
7200456
7237008
7282988
7331320
7356840
7410676
7467816
7510104
7520960
7556876
7556876
7602172
7638752
7641492
7661920
7706012
7750820
7797080
7822456
7841052
7888408
7932424
7951800
7978524
8023916
8068848
8113784
8132596
8161124
8205456
8250772
8281508
8281508
8281508
8324096
8370028
8415240
8458384
8474360
8518320
8549188
8596864
8639996
8684868
8706612
8729084
8775344
8775344
8819192
8865456
8911352
8954636
8954636
8999776
9045676
9090244
9136024
9136024
9181440
9225964
9269376
9281676
9315636
9360572
9406576
9449980
9449980
9495520
9541416
9549184
9586716
9630684
9630684
9676344
9693876
9727596
9767788
9796236
9812824
9855868
9901404
9936328
9966392
9990432
10036332
10082588
10127280
10169372
10189340
10217028
10261960
10300392
10308100
10353276
10398812
10420964
10442184
10488440
10524236
10532796
10577852
10577852
10622908
10635224
10635224
10635224
10635224
10635224
10635224
10675284
10717932
10717932
10780476
10810208
10855020
10881152
10881152
10881152
10881152
10881152
10881152
10881152
10881152
10881152
10881152
10881152
10881152
10881152
10881152
10881152
10881152
10881152
10881152
10881152
10881152
10881152
10881152
10881152
10881152
10881152
10881152
10881152
10881152
10881152
10881152
10881152
10881152
10881152
10881152
10881152
10881152
10881152
10881152
10881152
10881152
10881152
10881152
10881152
10881152
10881152
10881152
10881152
10881152
10881152
10881152
10881152
10881152
10881152
10881152
10881152
10881152
10881152
10881152
10881152
10881152
10881152
10881152
10881152
10881152
10881152
10881152
10881152
10881152
10881152
10881152
10881152
10881152
10881152
10881152
10881152
10881152
10881152
10881152
10881152
10881152
10881152
10881152
10881152
10881152
10881152
10881152
10881152
10881152
10881152
10881152
10881152
10881152
10881152
10881152
10881152
10881152
10881152
10881152
10881152
10881152
10881152
10881152
10881152
10881152
10881152
10881152
10881152
10881152
10881152
10881152
10881152
10881152
10881152
10881152
10881152
10881152
10881152
10881152
10881152
10881152
10881152
10881152
10881152
10881152
10881152
10881152
10881152
10881152
10881152
10881152
10881152
10881152
10881152
10881152
10881152
10881152
10881152
10881152
10881152
10881152
10881152
10881152
10881152
10881152
10881152
10881152
10881152
10881152
10881152
10881152
10881152
10881152
10881152
10881152
10881152
10881152
10881152
10881152
10881152
10881152
10881152
10881152
10881152
10881152
10881152
10881152
10881152
10881152
10881152
10881152
10881152
10881152
10881152
10881152
10881152
10881152
10881152
10881152
10881152
10881152
10881152
10881152
10881152
10881152
10881152
10881152
10881152
10881152
10881152
10881152
10881152
10881152
10881152
10881152
10881152
10881152
10881152
10881152
10881152
10881152
10881152
10881152
10881152
10881152
10881152
10881152
10881152
10881152
10881152
10881152
10881152
10881152
10881152
10881152
10881152
10881152
10881152
10881152
10881152
10881152
10881152
10881152
10881152
10881152
10881152
10881152
10881152
10881152
10881152
10881152
10881152
10881152
10881152
10881152
10881152
10881152
10881152
10881152
10881152
10881152
10881152
10881152
10881152
10881152
10881152
10881152
10881152
10881152
10881152
10881152
10881152
10881152
10881152
10881152
10881152
10881152
10881152
10881152
10881152
10881152
10881152
10881152
10881152
10881152
10881152
10881152
10881152
10881152
10881152
10881152
10881152
10881152
10881152
10881152
10881152
10881152
10881152
10881152
10881152
10881152
10881152
10881152
10881152
10881152
10881152
10881152
10881152
10881152
10881152
10881152
10881152
10881152
10881152
10881152
10881152
10881152
10881152
10881152
10881152
10881152
10881152
10881152
10881152
10881152
10881152
10881152
10881152
10881152
10881152
10881152
10881152
10881152
10881152
10881152
10881152
10881152
10881152
10881152
10881152
10881152
10881152
10881152
10881152
10881152
10881152
10881152
10881152
10881152
10881152
10881152
10881152
10881152
10881152
10881152
10881152
10881152
10881152
10881152
10881152
10881152
10881152
10881152
10881152
10881152
10881152
10881152
10881152
10881152
10881152
10881152
10881152
10881152
10881152
10881152
10881152
10881152
10881152
10881152
10881152
10881152
10881152
10881152
10881152
10881152
10881152
10881152
10881152
10881152
10881152
10881152
10881152
10881152
10881152
10881152
10881152
10881152
10881152
10881152
10888136
10888136
10888136
10888136
10888136
10888136
10888136
10888136
10888136
10888136
10888136
10888136
10888136
10888136
10888136
10888136
10888136
10888136
10888136
10888136
10888136
10888136
10888136
10888136
10888136
10888136
10888136
10888136
10888136
10888136
10888136
10888136
10888136
10888136
10888136
10888136
10888136
10888136
10888136
10888136
10888136
10888136
10888136
10888136
10888136
10888136
10888136
10888136
10888136
10888136
10888136
10888136
10888136
10888136
10888136
10888136
10888136
10888136
10888136
10888136
10888136
10888136
10888136
10888136
10888136
10888136
10888136
10888136
10888136
10888136
10888136
10888136
10888136
10888136
10888136
10888136
10888136
10888136
10888136
10888136
10888136
10888136
10888136
10888136
10888136
10888136
10888136
10888136
10888136
10888136
10888136
10888136
10888136
10888136
10888136
10888136
10888136
10888136
10888136
10888136
10888136
10888136
10888136
10888136
10888136
10888136
10888136
10888136
10888136
10888136
10888136
10888136
10888136
10888136
10888136
10888136
10888136
10888136
10888136
10888136
10888136
10888136
10888136
10888136
10888136
10888136
10888136
10888136
10888136
10888136
10888136
10888136
10888136
10888136
10888136
10888136
10888136
10888136
10888136
10888136
10888136
10888136
10888136
10888136
10888136
10888136
10888136
10888136
10888136
10888136
10888136
10888136
10888136
10888136
10888136
10888136
10888136
10888136
10888136
10888136
10888136
10888136
10888136
10888136
10888136
10888136
10888136
10888136
10888136
10888136
10888136
10888136
10888136
10888136
10888136
10888136
10888136
10888136
10888136
10888136
10888136
10888136
10888136
10888136
10888136
10888136
10888136
10888136
10888136
10888136
10888136
10888136
10888136
10888136
10888136
10888136
10888136
10888136
10888136
10888136
10888136
10888136
10888136
10888136
10888136
10888136
10888136
10888136
10888136
10888136
10888136
10888136
10888136
10888136
10888136
10888136
10888136
10888136
10888136
10888136
10888136
10888136
10888136
10888136
10888136
10888136
10888136
10888136
10888136
10888136
10888136
10888136
10888136
10888136
10888136
10888136
10888136
10888136
10888136
10888136
10888136
10888136
10888136
10888136
10888136
10888136
10888136
10888136
10888136
10888136
10888136
10888136
10888136
10888136
10888136
10888136
10888136
10888136
10888136
10888136
10888136
10888136
10888136
10888136
10888136
10888136
10888136
10888136
10888136
10888136
10888136
10888136
10888136
10888136
10888136
10888136
10888136
10888136
10888136
10888136
10888136
10888136
10888136
10888136
10888136
10888136
10888136
10888136
10888136
10888136
10888136
10888136
10888136
10888136
10888136
10888136
10888136
10888136
10888136
10888136
10888136
10888136
10888136
10888136
10888136
10888136
10888136
10888136
10888136
10888136
10888136
10888136
10888136
10888136
10888136
10888136
10888136
10888136
10888136
10888136
10888136
10888136
10888136
10888136
10888136
10888136
10888136
10888136
10888136
10888136
10888136
10888136
10888136
10888136
10888136
10888136
10888136
10888136
10888136
10888136
10888136
10888136
10888136
10888136
10888136
10888136
10888136
10888136
10888136
10888136
10888136
10888136
10888136
10888136
10888136
10888136
10888136
10888136
10888136
10888136
10888136
10888136
10888148
10888148
10888148
10888148
10888148
10888148
10888148
10888148
10888148
10888148
10888148
10888148
10888148
10888148
10888148
10888148
10888148
10888148
10888148
10888148
10888148
10888148
10888148
10888148
10888148
10888148
10888148
10888148
10888148
10888148
10888148
10888148
10888148
10888148
10888148
10888148
10888148
10888148
10888148
10888148
10888148
10888148
10888148
10888148
10888148
10888148
10888148
10888148
10888148
10888148
10888148
10888148
10888148
10888148
10888148
10888148
10888148
10888148
10888148
10888148
10888148
10888148
10888148
10888148
10888148
10888148
10888148
10888148
10888148
10888148
10888148
10888148
10888148
10888148
10888148
10888148
10888148
10888148
10888148
10888148
10888148
10888148
10888148
10888148
10888148
10888148
10888148
10888148
10888148
10888148
10888148
10888148
10888148
10888148
10888148
10888148
10888148
10888148
10888148
10888148
10888148
10888148
10888148
10888148
10888148
10888148
10888148
10888148
10888148
10888148
10888148
10888148
10888148
10888148
10888148
10888148
10888148
10888148
10888148
10888148
10888148
10888148
10888148
10888148
10888148
10888148
10888148
10888148
10888148
10888148
10888148
10888148
10888148
10888148
10888148
10888148
10888148
10888148
10888148
10888148
10888148
10888148
10888148
10888148
10888148
10888148
10888148
10888148
10888148
10888148
10888148
10888148
10888148
10888148
10888148
10888148
10888148
10888148
10888148
10888148
10888148
10888148
10888148
10888148
10888148
10888148
10888148
10888148
10888148
10888148
10888148
10888148
10888148
10888148
10888148
10888148
10888148
10888148
10888148
10888148
10888148
10888148
10888148
10888148
10888148
10888148
10888148
10888148
10888148
10888148
10888148
10888148
10888148
10888148
10888148
10888148
10888148
10888148
10888148
10888148
10888148
10888148
10888148
10888148
10888148
10888148
10888148
10888148
10888148
10888148
10888148
10888148
10888148
10888148
10888148
10888148
10888148
10888148
10888148
10888148
10888148
10888148
10888148
10888148
10888148
10888148
10888148
10888148
10888148
10888148
10888148
10888148
10888148
10888148
10888148
10888148
10888148
10888148
10888148
10888148
10888148
10888148
10888148
10888148
10888148
10888148
10888148
10888148
10888148
10888148
10888148
10888148
10888148
10888148
10888148
10888148
10888148
10888148
10888148
10888148
10888148
10888148
10888148
10888148
10888148
10888148
10888148
10888148
10888148
10888148
10888148
10888148
10888148
10888148
10888148
10888148
10888148
10888148
10888148
10888148
10888148
10888148
10888148
10888148
10888148
10888148
10888148
10888148
10888148
10888148
10888148
10888148
10888148
10888148
10888148
10888148
10888148
10888148
10888148
10888148
10888148
10888148
10888148
10888148
10888148
10888148
10888148
10888148
10888148
10888148
10888148
10888148
10888148
10888148
10888148
10888148
10888148
10888148
10888148
10888148
10888148
10888148
10888148
10888148
10888148
10888148
10888148
10888148
10888148
10888148
10888148
10888148
10888148
10888148
10888148
10888148
10888148
10888148
10888148
10888148
10888148
10888148
10888148
10888148
10888148
10888148
10888148
10888148
10888148
10888148
10888148
10888148
10888148
10888148
10888148
10888148
10888148
10888148
10888148
10888148
10888148
10888148
10888148
10888148
10888148
10888164
10888164
10888164
10888164
10888164
10888164
10888164
10888164
10888164
10888164
10888164
10888164
10888164
10888164
10888164
10888164
10888164
10888164
10888164
10888164
10888164
10888164
10888164
10888164
10888164
10888164
10888164
10888164
10888164
10888164
10888164
10888164
10888164
10888164
10888164
10888164
10888164
10888164
10888164
10888164
10888164
10888164
10888164
10888164
10888164
10888164
10888164
10888164
10888164
10888164
10888164
10888164
10888164
10888164
10888164
10888164
10888164
10888164
10888164
10888164
10888164
10888164
10888164
10888164
10888164
10888164
10888164
10888164
10888164
10888164
10888164
10888164
10888164
10888164
10888164
10888164
10888164
10888164
10888164
10888164
10888164
10888164
10888164
10888164
10888164
10888164
10888164
10888164
10888164
10888164
10888164
10888164
10888164
10888164
10888164
10888164
10888164
10888164
10888164
10888164
10888164
10888164
10888164
10888164
10888164
10888164
10888164
10888164
10888164
10888164
10888164
10888164
10888164
10888164
10888164
10888164
10888164
10888164
10888164
10888164
10888164
10888164
10888164
10888164
10888164
10888164
10888164
10888164
10888164
10888164
10888164
10888164
10888164
10888164
10888164
10888164
10888164
10888164
10888164
10888164
10888164
10888164
10888164
10888164
10888164
10888164
10888164
10888164
10888164
10888164
10888164
10888164
10888164
10888164
10888164
10888164
10888164
10888164
10888164
10888164
10888164
10888164
10888164
10888164
10888164
10888164
10888164
10888164
10888164
10888164
10888164
10888164
10888164
10888164
10888164
10888164
10888164
10888164
10888164
10888164
10888164
10888164
10888164
10888164
10888164
10888164
10888164
10888164
10888164
10888164
10888164
10888164
10888164
10888164
10888164
10888164
10888164
10888164
10888164
10888164
10888164
10888164
10888164
10888164
10888164
10888164
10888164
10888164
10888164
10888164
10888164
10888164
10888164
10888164
10888164
10888164
10888164
10888164
10888164
10888164
10888164
10888164
10888164
10888164
10888164
10888164
10888164
10888164
10888164
10888164
10888164
10888164
10888164
10888164
10888164
10888164
10888164
10888164
10888164
10888164
10888164
10888164
10888164
10888164
10888164
10888164
10888164
10888164
10888164
10888164
10888164
10888164
10888164
10888164
10888164
10888164
10888164
10888164
10888164
10888164
10888164
10888164
10888164
10888164
10888164
10888164
10888164
10888164
10888164
10888164
10888164
10888164
10888164
10888164
10888164
10888164
10888164
10888164
10888164
10888164
10888164
10888164
10888164
10888164
10888164
10888164
10888164
10888164
10888164
10888164
10888164
10888164
10888164
10888164
10888164
10888164
10888164
10888164
10888164
10888164
10888164
10888164
10888164
10888164
10888164
10888164
10888164
10888164
10888164
10888164
10888164
10888164
10888164
10888164
10888164
10888164
10888164
10888164
10888164
10888164
10888164
10888164
10888164
10888164
10888164
10888164
10888164
10888164
10888164
10888164
10888164
10888164
10888164
10888164
10888164
10888164
10888164
10888164
10888164
10888164
10888164
10888164
10888164
10888164
10888164
10888164
10888164
10888164
10888164
10888164
10888164
10888164
10888164
10888164
10888164
10888164
10888164
10888164
10888164
10888164
10888164
10888164
10888164
10888164
10888164
10888164
10888164
10888164
10888164
10888164
10888164
10888164
10888164
10888164
10888164
10888164
10888164
10888164
10888164
10888164
10888164
10888164
10888164
10888164
10888164
10888164
10888164
10888164
10888164
10888164
10888164
10888164
10888164
10888164
10888164
10888164
10888164
10888164
10888164
10888164
10888164
10888164
10888164
10888164
10888164
10888164
10888164
10888164
10888164
10888164
10888164
10888164
10888164
10888164
10888164
10888164
10888164
10888164
10888164
10888164
10888164
10888164
10888164
10888164
10888164
10888164
10888164
10888164
10888164
10888164
10888164
10888164
10888164
10888164
10888164
10888164
10888164
10888164
10888164
10888164
10888164
10888164
10888164
10888164
10888164
10888164
10888164
10888164
10888164
10888164
10888164
10888164
10888164
10888164
10888164
10888164
10888164
10888164
10888164
10888164
10888164
10888164
10888164
10888164
10888164
10888164
10888164
10888164
10888164
10888164
10888164
10888164
10888164
10888164
10888164
10888164
10888164
10888164
10888164
10888164
10888164
10888164
10888164
10888164
10888164
10888164
10888164
10888164
10888164
10888164
10888164
10888164
10888164
10888164
10888164
10888164
10888164
10888164
10888164
10888164
10888164
10888164
10888164
10888164
10888164
10888164
10888164
10888164
10888164
10888164
10888164
10888164
10888164
10888164
10888164
10888164
10888164
10888164
10888164
10888164
10888164
10888164
10888164
10888164
10888164
10888164
10888164
10888164
10888164
10888164
10888164
10888164
10888164
10888164
10888164
10888164
10888164
10888164
10888164
10888164
10888164
10888164
10888164
10888164
10888164
10888164
10888164
10888164
10888164
10888164
10888164
10888164
10888164
10888164
10888164
10888164
10888164
10888164
10888164
10888164
10888164
10888164
10888164
10888164
10888164
10888164
10888164
10888164
10888164
10888164
10888164
10888164
10888164
10888164
10888164
10888164
10888164
10888164
10888164
10888164
10888164
10888164
10888164
10888164
10888164
10888164
10888164
10888164
10888164
10888164
10888164
10888164
10888164
10888164
10888164
10888164
10888164
10888164
10888164
10888164
10888164
10888164
10888164
10888164
10888164
10888164
10888164
10888164
10888164
10888164
10888164
10888164
10888164
10888164
10888164
10888164
10888164
10888164
10888164
10888164
10888164
10888164
10888164
10888164
10888164
10888164
10888164
10888164
10888164
10888164
10888164
10888164
10888164
10888164
10888164
10888164
10888164
10888164
10888164
10888164
10888164
10888164
10888164
10888164
10888164
10888164
10888164
10888164
10888164
10888164
10888164
10888164
10888164
10888164
10888164
10888164
10888164
10888164
10888164
10888164
10888164
10888164
10888164
10888164
10888164
10888164
10888164
10888164
10888164
10888164
10888164
10888164
10888164
10888164
10888164
10888164
10888164
10888164
10888164
10888164
10888164
10888164
10888164
10888164
10888164
10888164
10888164
10888164
10888164
10888164
10888164
10888164
10888164
10888164
10888164
10888164
10888164
10888164
10888164
10888164
10888164
10888164
10888164
10888164
10888164
10888164
10888164
10888164
10888164
10888164
10888164
10888164
10888164
10888164
10888164
10888164
10888164
10888164
10888164
10888164
10888164
10888164
10888164
10888164
10888164
10888164
10888164
10888164
10888164
10888164
10888164
10888164
10888164
10888180
10888180
10888180
10888180
10888180
10888180
10888180
10888180
10888180
10888180
10888180
10888180
10888180
10888180
10888180
10888180
10888180
10888180
10888180
10888180
10888180
10888180
10888180
10888180
10888180
10888180
10888180
10888180
10888180
10888180
10888180
10888180
10888180
10888180
10888180
10888180
10888180
10888180
10888180
10888180
10888180
10888180
10888180
10888180
10888180
10888180
10888180
10888180
10888180
10888180
10888180
10888180
10888180
10888180
10888180
10888180
10888180
10888180
10888180
10888180
10888180
10888180
10888180
10888180
10888180
10888180
10888180
10888180
10888180
10888180
10888180
10888180
10888180
10888180
10888180
10888180
10888180
10888180
10888180
10888180
10888180
10888180
10888180
10888180
10888180
10888180
10888180
10888180
10888180
10888180
10888180
10888180
10888180
10888180
10888180
10888180
10888180
10888180
10888180
10888180
10888180
10888180
10888180
10888180
10888180
10888180
10888180
10888180
10888180
10888180
10888180
10888180
10888180
10888180
10888180
10888180
10888180
10888180
10888180
10888180
10888180
10888180
10888180
10888180
10888180
10888180
10888180
10888180
10888180
10888180
10888180
10888180
10888180
10888180
10888180
10888180
10888180
10888180
10888180
10888180
10888180
10888180
10888180
10888180
10888180
10888180
10888180
10888180
10888180
10888180
10888180
10888180
10888180
10888180
10888180
10888180
10888180
10888180
10888180
10888180
10888180
10888180
10888180
10888180
10888180
10888180
10888180
10888180
10888180
10888180
10888180
10888180
10888180
10888180
10888180
10888180
10888180
10888180
10888180
10888180
10888180
10888180
10888180
10888180
10888180
10888180
10888180
10888180
10888180
10888180
10888180
10888180
10888180
10888180
10888180
10888180
10888180
10888180
10888180
10888180
10888180
10888180
10888180
10888180
10888180
10888180
10888180
10888180
10888180
10888180
10888180
10888180
10888180
10888180
10888180
10888180
10888180
10888180
10888180
10888180
10888180
10888180
10888180
10888180
10888180
10888180
10888180
10888180
10888180
10888180
10888180
10888180
10888180
10888180
10888180
10888180
10888180
10888180
10888180
10888180
10888180
10888180
10888180
10888180
10888180
10888180
10888180
10888180
10888180
10888180
10888180
10888180
10888180
10888180
10888180
10888180
10888180
10888180
10888180
10888180
10888180
10888180
10888180
10888180
10888180
10888180
10888180
10888180
10888180
10888180
10888180
10888180
10888180
10888180
10888180
10888180
10888180
10888180
10888180
10888180
10888180
10888180
10888180
10888180
10888180
10888180
10888180
10888180
10888180
10888180
10888180
10888180
10888180
10888180
10888180
10888180
10888180
10888180
10888180
10888180
10888180
10888180
10888180
10888180
10888180
10888180
10888180
10888180
10888180
10888180
10888180
10888180
10888180
10888180
10888180
10888180
10888180
10888180
10888180
10888180
10888180
10888180
10888180
10888180
10888180
10888180
10888180
10888180
10888180
10888180
10888180
10888180
10888180
10888180
10888180
10888180
10888180
10888180
10888180
10888180
10888180
10888180
10888180
10888180
10888180
10888180
10888180
10888180
10888180
10888180
10888180
10888180
10888180
10888180
10888180
10888180
10888180
10888180
10888180
10888180
10888180
10888180
10888180
10888180
10888180
10888180
10888180
10888180
10888180
10888180
10888180
10888180
10888180
10888180
10888180
10888180
10888180
10888180
10888180
10888180
10888180
10888180
10888180
10888180
10888180
10888180
10888180
10888180
10888180
10888180
10888180
10888180
10888180
10888180
10888180
10888180
10888180
10888180
10888180
10888180
10888180
10888180
10888180
10888180
10888180
10888180
10888180
10888180
10888180
10888180
10888180
10888180
10888180
10888180
10888180
10888180
10888180
10888180
10888180
10888180
10888180
10888180
10888180
10888180
10888180
10888180
10888180
10888180
10888180
10888180
10888180
10888180
10888180
10888180
10888180
10888180
10888180
10888180
10888180
10888180
10888180
10888180
10888180
10888180
10888180
10888180
10888180
10888180
10888180
10888180
10888180
10888180
10888180
10888180
10888180
10888180
10888180
10888180
10888180
10888180
10888180
10888180
10888180
10888180
10888180
10888180
10888180
10888180
10888180
10888180
10888180
10888180
10888180
10888180
10888180
10888180
10888180
10888180
10888180
10888180
10888180
10888180
10888180
10888180
10888180
10888180
10888180
10888180
10888180
10888180
10888180
10888180
10888180
10888180
10888180
10888180
10888180
10888180
10888180
10888180
10888180
10888180
10888180
10888180
10888180
10888180
10888180
10888180
10888180
10888180
10888180
10888180
10888180
10888180
10888180
10888180
10888180
10888180
10888180
10888180
10888180
10888180
10888180
10888180
10888180
10888180
10888180
10888180
10888180
10888180
10888180
10888180
10888180
10888180
10888180
10888180
10888180
10888180
10888180
10888180
10888180
10888180
10888180
10888180
10888180
10888180
10888180
10888180
10888180
10888180
10888180
10888180
10888180
10888180
10888180
10888180
10888180
10888180
10888180
10888180
10888180
10888180
10888180
10888180
10888180
10888180
10888180
10888180
10888180
10888180
10888180
10888180
10888180
10888180
10888180
10888180
10888180
10888180
10888180
10888180
10888180
10888180
10888180
10888180
10888180
10888180
10888180
10888180
10888180
10888180
10888180
10888180
10888180
10888180
10888180
10888180
10888180
10888180
10888180
10888180
10888180
10888180
10888180
10888180
10888180
10888180
10888180
10888180
10888180
10888180
10888180
10888180
10888180
10888180
10888180
10888180
10888180
10888180
10888180
10888180
10888180
10888180
10888180
10888180
10888180
10888180
10888180
10888180
10888180
10888180
10888180
10888180
10888180
10888180
10888180
10888180
10888180
10888180
10888180
10888180
10888180
10888180
10888180
10888180
10888180
10888180
10888180
10888180
10888180
10888180
10888180
10888180
10888180
10888180
10888180
10888180
10888180
10888180
10888180
10888180
10888180
10888180
10888180
10888180
10888180
10888180
10888180
10888180
10888180
10888180
10888180
10888180
10888180
10888180
10888180
10888180
10888180
10888180
10888180
10888180
10888180
10888180
10888180
10888180
10888180
10888180
10888180
10888180
10888180
10888180
10888180
10888180
10888180
10888180
10888180
10888180
10888180
10888180
10888180
10888180
10888180
10888180
10888180
10888180
10888180
10888180
10888180
10888180
10888180
10888180
10888180
10888180
10888180
10888180
10888180
10888180
10888180
10888180
10888180
10888180
10888180
10888180
10888180
10888180
10888180
10888180
10888180
10888180
10888180
10888180
10888180
10888180
10888180
10888180
10888180
10888180
10888180
10888180
10888180
10888180
10888180
10888180
10888180
10888180
10888180
10888180
10888180
10888180
10888180
10888180
10888180
10888180
10888180
10888180
10888180
10888180
10888180
10888180
10888180
10888180
10888180
10888180
10888180
10888180
10888180
10888180
10888180
10888180
10888180
10888180
10888180
10888180
10888180
10888180
10888180
10888180
10888180
10888180
10888180
10888180
10888180
10888180
10888180
10888180
10888180
10888180
10888180
10888180
10888180
10888180
10888180
10888180
10888180
10888180
10888180
10888180
10888180
10888180
10888180
10888180
10888180
10888180
10888180
10888180
10888180
10888180
10888180
10888180
10888180
10888180
10888180
10888180
10888180
10888180
10888180
10888180
10888180
10888180
10888180
10888180
10888180
10888180
10888180
10888180
10888180
10888180
10888180
10888180
10888180
10888180
10888180
10888180
10888180
10888180
10888180
10888180
10888180
10888180
10888180
10888180
10888180
10888180
10888180
10888180
10888180
10888180
10888180
10888180
10888180
10888180
10888180
10888180
10888180
10888180
10888180
10888180
10888180
10888180
10888180
10888180
10888180
10888180
10888180
10888180
10888180
10888180
10888180
10888180
10888180
10888180
10888180
10888180
10888180
10888180
10888180
10888180
10888180
10888180
10888180
10888180
10888180
10888180
10888180
10888180
10888180
10888180
10888180
10888180
10888180
10888180
10888180
10888180
10888180
10888180
10888180
10888180
10888180
10888180
10888180
10888180
10888180
10888180
10888180
10888180
10888180
10888180
10888180
10888180
10888180
10888180
10888180
10888180
10888180
10888180
10888180
10888180
10888180
10888180
10888180
10888180
10888180
10888180
10888180
10888180
10888180
10888180
10888180
10888180
10888180
10888180
10888180
10888180
10888180
10888180
10888180
10888180
10888180
10888180
10888180
10888180
10888180
10888180
10888180
10888180
10888180
10888180
10888180
10888180
10888180
10888180
10888180
10888180
10888180
10888180
10888180
10888180
10888180
10888180
10888180
10888180
10888180
10888180
10888180
10888180
10888180
10888180
10888180
10888180
10888180
10888180
10888180
10888180
10888180
10888180
10888180
10888180
10888180
10888180
10888180
10888180
10888180
10888180
10888180
10888180
10888180
10888180
10888180
10888180
10888180
10888180
10888180
10888180
10888180
10888180
10888180
10888180
10888180
10888180
10888180
10888180
10888180
10888180
10888180
10888180
10888180
10888180
10888180
10888180
10888180
10888180
10888180
10888180
10888180
10888180
10888180
10888180
10888180
10888180
10888180
10888180
10888180
10888180
10888180
10888180
10888180
10888180
10888180
10888180
10888180
10888180
10888180
10888180
10888180
10888180
10888180
10888180
10888180
10888180
10888180
10888180
10888180
10888180
10888180
10888180
10888180
10888180
10888180
10888180
10888180
10888180
10888180
10888180
10888180
10888180
10888180
10888180
10888180
10888180
10888180
10888180
10888180
10888180
10888180
10888180
10888180
10888180
10888180
10888180
10888180
10888180
10888180
10888180
10888180
10888180
10888180
10888180
10888180
10888180
10888180
10888180
10888180
10888180
10888180
10888180
10888180
10888180
10888180
10888180
10888180
10888180
10888180
10888180
10888180
10888180
10888180
10888180
10888180
10888180
10888180
10888180
10888180
10888180
10888180
10888180
10888180
10888180
10888180
10888180
10888180
10888180
10888180
10888180
10888180
10888180
10888180
10888180
10888180
10888180
10888180
10888180
10888180
10888180
10888180
10888180
10888180
10888180
10888180
10888180
10888180
10888180
10888180
10888180
10888180
10888180
10888180
10888180
10888180
10888180
10888180
10888180
10888180
10888180
10888180
10888180
10888180
10888180
10888180
10888180
10888180
10888180
10888180
10888180
10888180
10888180
10888180
10888180
10888180
10888180
10888180
10888180
10888180
10888180
10888180
10888180
10888180
10888180
10888180
10888180
10888180
10888180
10888180
10888180
10888180
10888180
10888180
10888180
10888180
10888180
10888180
10888180
10888180
10888180
10888180
10888180
10888180
10888180
10888180
10888180
10888180
10888180
10888180
10888180
10888180
10888180
10888180
10888180
10888180
10888180
10888180
10888180
10888180
10888180
10888180
10888180
10888180
10888180
10888180
10888180
10888180
10888180
10888180
10888180
10888180
10888180
10888180
10888180
10888180
10888180
10888180
10888180
10888180
10888180
10888180
10888180
10888180
10888180
10888180
10888180
10888180
10888180
10888180
10888180
10888180
10888180
10888180
10888180
10888180
10888180
10888180
10888180
10888180
10888180
10888180
10888180
10888180
10888180
10888180
10888180
10888180
10888180
10888180
10888180
10888180
10888180
10888180
10888180
10888180
10888180
10888180
10888180
10888180
10888180
10888180
10888180
10888180
10888180
10888180
10888180
10888180
10888180
10888180
10888180
10888180
10888180
10888180
10888180
10888180
10888180
10888180
10888180
10888180
10888180
10888180
10888180
10888180
10888180
10888180
10888180
10888180
10888180
10888180
10888180
10888180
10888180
10888180
10888180
10888180
10888180
10888180
10888180
10888180
10888180
10888180
10888180
10888180
10888180
10888180
10888180
10888180
10888180
10888180
10888180
10888180
10888180
10888180
10888180
10888180
10888180
10888180
10888180
10888180
10888180
10888180
10888180
10888180
10888180
10888180
10888180
10888180
10888180
10888180
10888180
10888180
10888180
10888180
10888180
10888180
10888180
10888180
10888180
10888180
10888180
10888180
10888180
10888180
10888180
10888180
10888180
10888180
10888180
10888180
10888180
10888180
10888180
10888180
10888180
10888180
10888180
10888180
10888180
10888180
10888180
10888180
10888180
10888180
10888180
10888180
10888180
10888180
10888180
10888180
10888180
10888180
10888180
10888180
10888180
10888180
10888180
10888180
10888180
10888180
10888180
10888180
10888180
10888180
10888180
10888180
10888180
10888180
10888180
10888180
10888180
10888180
10888180
10888180
10888180
10888180
10888180
10888180
10888180
10888180
10888180
10888180
10888180
10888180
10888180
10888180
10888180
10888180
10888180
10888180
10888180
10888180
10888180
10888180
10888180
10888180
10888180
10888180
10888180
10888180
10888180
10888180
10888180
10888180
10888180
10888180
10888180
10888180
10888180
10888180
10888180
10888180
10888180
10888180
10888180
10888180
10888180
10888180
10888180
10888180
10888180
10888180
10888180
10888180
10888180
10888180
10888192
10888192
10888192
10888192
10888192
10888192
10888192
10888192
10888192
